"ID"	"GO1"	"GO2"	"GO3"	"GO4"	"GO5"	"GO6"	"GO7"	"GO8"	"Tetrahymena"
"A6NHQ2"	1	0	0	0	0	0	0	0	1
"A6NHQ4"	1	0	0	0	0	0	0	0	1
"A8MW92"	1	0	0	0	0	0	0	0	1
"B2RXH2"	1	0	0	0	0	0	0	0	1
"H3BTX0"	1	0	0	0	0	0	0	0	1
"O00167"	1	0	0	0	0	0	0	0	1
"O00213"	1	0	0	0	0	0	0	0	1
"O14607"	1	0	0	0	0	0	0	0	1
"O14686"	1	0	0	0	1	0	0	0	1
"O14744"	1	0	0	0	0	0	0	0	1
"O14929"	1	0	0	0	0	0	0	0	1
"O15047"	1	0	0	0	1	0	0	0	1
"O15054"	1	0	0	0	0	0	0	0	1
"O15055"	1	0	1	0	0	0	0	0	1
"O15265"	1	0	0	0	0	0	0	0	1
"O15294"	1	0	0	0	0	0	0	0	1
"O15379"	1	0	0	0	0	0	0	0	1
"O15534"	1	0	0	0	0	0	0	0	1
"O15550"	1	0	0	0	0	0	0	0	1
"O43151"	1	0	0	0	0	0	0	0	1
"O43318"	1	0	0	0	1	0	0	0	1
"O43463"	1	0	0	0	0	0	0	0	1
"O43593"	1	0	0	0	0	0	0	0	1
"O60341"	1	0	0	0	0	0	0	0	1
"O60674"	1	0	0	0	1	0	0	0	1
"O60907"	1	0	0	0	0	0	0	0	1
"O75150"	1	0	0	0	0	0	0	0	1
"O75164"	1	0	0	0	0	0	0	0	1
"O75182"	1	0	0	0	0	0	0	0	1
"O75478"	1	0	0	0	0	0	0	0	1
"O75486"	1	0	0	0	0	0	0	0	1
"O75528"	1	0	0	0	0	0	0	0	1
"O75529"	1	0	0	0	0	0	0	0	1
"O75582"	1	0	0	0	1	0	0	0	1
"O75676"	1	0	0	0	0	0	0	0	1
"O76064"	1	0	0	0	0	0	0	0	1
"O94776"	1	0	0	0	0	0	0	0	1
"O94805"	1	0	0	0	0	0	0	0	1
"O94864"	1	0	0	0	0	0	0	0	1
"O94874"	1	0	0	0	0	0	0	0	1
"O94880"	1	0	0	0	0	0	0	0	1
"O94953"	1	0	0	0	0	0	0	0	1
"O94972"	1	0	0	0	0	0	0	0	1
"O95251"	1	0	0	0	0	0	0	0	1
"O95361"	1	0	0	0	0	0	0	0	1
"O95619"	1	0	0	0	0	0	0	0	1
"O95677"	1	0	0	0	0	0	0	0	1
"O95696"	1	0	0	0	1	0	0	0	1
"O96019"	1	0	0	0	0	0	0	0	1
"P05771"	1	0	0	0	0	0	0	0	1
"P0C860"	1	0	0	0	0	0	0	0	1
"P15172"	1	0	0	0	0	0	0	0	1
"P15336"	1	0	0	0	0	0	0	0	1
"P15918"	1	0	0	0	0	0	0	0	1
"P17252"	1	0	0	0	0	0	0	0	1
"P17947"	1	0	0	0	0	0	0	0	1
"P20248"	1	0	0	0	0	0	0	0	1
"P22087"	1	0	0	0	0	0	0	0	1
"P23246"	1	0	0	0	0	0	0	0	1
"P24941"	1	0	0	0	0	0	0	0	1
"P25713"	1	0	1	0	0	0	0	0	1
"P26927"	1	0	0	0	0	0	0	0	1
"P28324"	1	0	0	0	0	0	0	0	1
"P29375"	1	0	0	0	0	0	0	0	1
"P35226"	1	0	0	0	0	0	0	0	1
"P35227"	1	0	0	0	0	0	0	0	1
"P35232"	1	0	0	0	0	0	0	0	1
"P41229"	1	0	0	0	0	0	0	0	1
"P46736"	1	0	0	0	0	0	0	0	1
"P49459"	1	0	0	0	0	0	0	0	1
"P49848"	1	0	0	0	0	0	0	0	1
"P50747"	1	0	0	0	0	0	0	0	1
"P51587"	1	0	0	0	0	0	0	0	1
"P51610"	1	0	0	0	0	0	0	0	1
"P51965"	1	0	0	0	0	0	0	0	1
"P52926"	1	0	0	0	0	0	0	0	1
"P55201"	1	0	0	0	0	0	0	0	1
"P55345"	1	0	0	0	0	0	0	0	1
"P56524"	1	0	0	0	0	0	0	0	1
"P61088"	1	0	0	0	0	0	0	0	1
"P61964"	1	0	0	0	0	0	0	0	1
"P63146"	1	0	0	0	0	0	0	0	1
"P63208"	1	0	0	0	0	0	0	0	1
"P78364"	1	0	0	0	0	0	0	0	1
"Q01658"	1	0	0	0	0	0	0	0	1
"Q03164"	1	0	0	0	0	0	0	0	1
"Q05655"	1	0	0	0	0	0	0	0	1
"Q06587"	1	0	0	0	0	0	0	0	1
"Q09472"	1	0	0	0	0	0	0	0	1
"Q12852"	1	0	0	0	0	0	0	0	1
"Q12962"	1	0	0	0	0	0	0	0	1
"Q13127"	1	0	0	0	0	0	0	0	1
"Q13330"	1	0	0	0	0	0	0	0	1
"Q13547"	1	0	0	0	0	0	0	0	1
"Q13620"	1	0	0	0	0	0	0	0	1
"Q14CW9"	1	0	0	0	0	0	0	0	1
"Q15014"	1	0	0	0	0	0	0	0	1
"Q15047"	1	0	0	0	0	0	0	0	1
"Q15291"	1	0	0	0	0	0	0	0	1
"Q15542"	1	0	0	0	0	0	0	0	1
"Q15652"	1	0	0	0	0	0	0	0	1
"Q15910"	1	0	0	0	0	0	0	0	1
"Q16512"	1	0	0	0	0	0	0	0	1
"Q16514"	1	0	0	0	0	0	0	0	1
"Q16531"	1	0	0	0	0	0	0	0	1
"Q16594"	1	0	0	0	0	0	0	0	1
"Q3KNV8"	1	0	0	0	0	0	0	0	1
"Q4FZB7"	1	0	0	0	0	0	0	0	1
"Q53H47"	1	0	0	0	0	0	0	0	1
"Q5PSV4"	1	0	0	0	0	0	0	0	1
"Q5T5X7"	1	0	0	0	0	0	0	0	1
"Q5VTR2"	1	0	0	0	0	0	0	0	1
"Q5VVJ2"	1	0	0	0	0	0	0	0	1
"Q5VVX9"	1	0	0	0	0	0	0	0	1
"Q68DK7"	1	0	0	0	0	0	0	0	1
"Q6B0I6"	1	0	0	0	0	0	0	0	1
"Q6IE81"	1	0	0	0	0	0	0	0	1
"Q6N021"	1	0	0	0	0	0	0	0	1
"Q6NYC1"	1	0	0	0	0	0	0	0	1
"Q6P1J9"	1	0	0	0	0	0	0	0	1
"Q6PD62"	1	0	0	0	0	0	0	0	1
"Q6PJG2"	1	0	0	0	0	0	0	0	1
"Q6TGC4"	1	0	0	0	0	0	0	0	1
"Q6UXN9"	1	0	0	0	0	0	0	0	1
"Q6W2J9"	1	0	0	0	0	0	0	0	1
"Q6ZMT4"	1	0	0	0	0	0	0	0	1
"Q6ZW49"	1	0	0	0	0	0	0	0	1
"Q70CQ1"	1	0	0	0	0	0	0	0	1
"Q70EK9"	1	0	0	0	0	0	0	0	1
"Q7LBC6"	1	0	0	0	0	0	0	0	1
"Q7Z3B3"	1	0	0	0	0	0	0	0	1
"Q7Z3K6"	1	0	0	0	0	0	0	0	1
"Q7Z6Z7"	1	0	0	0	0	0	0	0	1
"Q86SE9"	1	0	0	0	0	0	0	0	1
"Q86TU7"	1	0	0	0	0	0	0	0	1
"Q86U70"	1	0	0	0	0	0	0	0	1
"Q86UY6"	1	0	0	0	0	0	0	0	1
"Q86VZ2"	1	0	0	0	0	0	0	0	1
"Q86X55"	1	0	0	0	0	0	0	0	1
"Q86Y97"	1	0	0	0	0	0	0	0	1
"Q8IUF8"	1	0	0	0	0	0	0	0	1
"Q8IWV8"	1	0	0	0	0	0	0	0	1
"Q8IXJ6"	1	0	0	0	0	0	0	0	1
"A0A178U7J2"	0	1	0	0	0	0	0	0	1
"A0A178U9Y5"	0	1	0	0	0	0	0	0	1
"A0A1I9LMM7"	0	1	0	0	0	0	0	0	1
"A0A1I9LMN9"	0	1	0	0	0	0	0	0	1
"A0A1I9LQ21"	0	1	0	0	0	0	0	0	1
"A0A1I9LR82"	0	1	0	0	0	0	0	0	1
"A0A1I9LRT3"	0	1	0	0	0	0	0	0	1
"A0A1I9LTC7"	0	1	0	0	0	0	0	0	1
"A0A1P8AMK1"	0	1	0	0	0	0	0	0	1
"A0A1P8AMW4"	0	1	0	0	0	0	0	0	1
"A0A1P8APA8"	0	1	0	0	0	0	0	0	1
"A0A1P8APF4"	0	1	0	0	0	0	0	0	1
"A0A1P8APZ3"	0	1	0	0	0	0	0	0	1
"A0A1P8AQE4"	0	1	0	0	0	0	0	0	1
"A0A1P8AS31"	0	1	0	0	0	0	0	0	1
"A0A1P8AST1"	0	1	0	0	0	0	0	0	1
"A0A1P8ASY1"	0	1	0	0	0	0	0	0	1
"A0A1P8AT59"	0	1	0	0	0	0	0	0	1
"A0A1P8AVS2"	0	1	0	0	0	0	0	0	1
"A0A1P8AW53"	0	1	0	0	0	0	0	0	1
"A0A1P8AW93"	0	1	0	0	0	0	0	0	1
"A0A1P8AW96"	0	1	0	0	0	0	0	0	1
"A0A1P8AWF3"	0	1	0	0	0	0	0	0	1
"A0A1P8AYS2"	0	1	0	0	0	0	0	0	1
"A0A1P8B2C9"	0	1	0	0	0	0	0	0	1
"A0A1P8B4J3"	0	1	0	0	0	0	0	0	1
"A0A1P8B6F9"	0	1	0	0	0	0	0	0	1
"A0A1P8B7P8"	0	1	0	0	0	0	0	0	1
"A0A1P8B9S9"	0	1	0	0	0	0	0	0	1
"A0A1P8BFD8"	0	1	0	0	0	0	0	0	1
"A0A2P2CLF5"	0	1	0	0	0	0	0	0	1
"A0A2P2CLF9"	0	1	0	0	0	0	0	0	1
"A0A2P2CLG6"	0	1	0	0	0	0	0	0	1
"A0A2P2CLH1"	0	1	0	0	0	0	0	0	1
"A1A6M1"	0	1	0	0	0	0	0	0	1
"A3EWL3"	0	1	0	0	0	0	0	0	1
"A4FVP2"	0	1	0	0	0	0	0	0	1
"A4GNA8"	0	1	0	0	0	0	0	0	1
"A7XDQ9"	0	1	0	0	0	0	0	1	1
"A8MQJ1"	0	1	0	0	0	0	0	0	1
"A8MQN2"	0	1	0	0	0	0	0	0	1
"A8MQN4"	0	1	0	0	0	0	0	0	1
"A8MQQ8"	0	1	0	0	0	0	0	0	1
"A8MR93"	0	1	0	1	0	0	0	0	1
"A8MRX0"	0	1	0	0	0	0	0	0	1
"A8MS68"	0	1	0	0	0	0	0	0	1
"A8MS85"	0	1	0	0	0	0	0	0	1
"B0F481"	0	1	0	0	0	0	0	0	1
"B3DN87"	0	1	0	0	0	0	0	0	1
"B3H4S0"	0	1	0	0	0	0	0	0	1
"B3H501"	0	1	0	0	0	0	0	0	1
"B3H572"	0	1	0	0	0	0	0	0	1
"B3H6K1"	0	1	0	0	0	0	0	0	1
"B3H7H1"	0	1	0	0	0	0	0	0	1
"B3LFA4"	0	1	0	0	0	0	0	0	1
"B5X565"	0	1	0	0	0	0	0	0	1
"B5X582"	0	1	0	0	0	0	0	0	1
"B6EXY6"	0	1	0	0	0	0	0	0	1
"B7U179"	0	1	0	0	0	0	0	0	1
"B9DFR6"	0	1	0	0	0	0	0	0	1
"B9DFU2"	0	1	0	0	0	0	0	0	1
"B9DG24"	0	1	0	0	0	0	0	0	1
"B9DGU7"	0	1	0	0	0	0	0	0	1
"B9DGY1"	0	1	0	0	0	0	0	0	1
"B9DH75"	0	1	0	0	0	0	0	0	1
"B9DHD3"	0	1	0	0	0	0	0	0	1
"B9TSP7"	0	1	0	0	0	0	0	0	1
"C0LGL9"	0	1	0	0	0	0	0	1	1
"F2Y4A3"	0	1	0	0	0	1	0	0	1
"F4HP69"	0	1	0	0	0	0	0	0	1
"F4HPZ9"	0	1	0	0	0	0	0	0	1
"F4HQE2"	0	1	0	0	0	0	0	0	1
"F4HQM3"	0	1	0	0	0	0	0	0	1
"F4HR03"	0	1	0	0	0	0	0	0	1
"F4HSX1"	0	1	0	0	0	0	0	0	1
"F4HT77"	0	1	0	0	0	0	0	0	1
"F4HTM3"	0	1	0	0	0	0	0	0	1
"F4HTP2"	0	1	0	0	0	0	0	0	1
"F4HVA6"	0	1	0	0	0	0	0	0	1
"F4HVG0"	0	1	0	0	0	0	0	0	1
"F4HVY0"	0	1	0	0	0	0	0	0	1
"F4HW04"	0	1	0	0	0	0	0	0	1
"F4HW65"	0	1	0	0	0	0	0	0	1
"F4HX14"	0	1	0	0	0	0	0	0	1
"F4HX15"	0	1	0	0	0	0	0	0	1
"F4HXY6"	0	1	0	0	0	0	0	0	1
"F4HXY7"	0	1	0	0	0	0	0	0	1
"F4HYF3"	0	1	0	0	0	0	0	0	1
"F4HZC3"	0	1	0	0	0	0	0	1	1
"F4I057"	0	1	0	0	0	0	0	0	1
"F4I0K2"	0	1	0	0	0	0	0	0	1
"F4I116"	0	1	0	0	0	0	0	0	1
"F4I1A6"	0	1	0	0	0	0	0	0	1
"F4I1P7"	0	1	0	0	0	0	0	0	1
"F4I1Z0"	0	1	0	0	0	0	0	0	1
"F4I2W6"	0	1	0	0	0	0	0	1	1
"F4I403"	0	1	0	0	0	0	0	0	1
"F4I4V4"	0	1	0	0	0	0	0	0	1
"F4I5G3"	0	1	0	0	0	0	0	0	1
"F4I5H7"	0	1	0	0	0	0	0	0	1
"F4I5V8"	0	1	0	0	0	0	0	0	1
"F4I6G9"	0	1	0	0	0	0	0	0	1
"F4I6M1"	0	1	0	0	0	0	0	0	1
"F4I718"	0	1	0	0	0	0	0	1	1
"F4I7J9"	0	1	0	0	0	0	0	0	1
"F4I8X8"	0	1	0	0	0	0	0	0	1
"F4I9M9"	0	1	0	0	0	0	0	0	1
"F4IA25"	0	1	0	0	0	0	0	0	1
"F4IAG1"	0	1	0	0	0	0	0	0	1
"F4IAM7"	0	1	0	0	0	0	0	0	1
"F4IAW5"	0	1	0	0	0	0	0	0	1
"F4IBS4"	0	1	0	0	0	0	0	0	1
"F4IBV4"	0	1	0	0	0	0	0	0	1
"F4ICF4"	0	1	0	0	0	0	0	0	1
"F4ICG2"	0	1	0	0	0	0	0	0	1
"F4IDJ0"	0	1	0	0	0	0	0	0	1
"F4IDU4"	0	1	0	0	0	0	0	0	1
"F4IE14"	0	1	0	0	0	0	0	0	1
"F4IF99"	0	1	0	0	0	0	0	0	1
"F4IFC5"	0	1	0	0	0	0	0	0	1
"F4IFN6"	0	1	0	0	0	0	0	0	1
"F4IHY7"	0	1	0	0	0	0	0	0	1
"F4II66"	0	1	0	0	0	0	0	0	1
"F4IIM1"	0	1	0	0	0	0	0	1	1
"F4IJJ8"	0	1	0	0	0	0	0	0	1
"F4IM82"	0	1	0	0	0	0	0	0	1
"F4IMB5"	0	1	0	0	0	0	0	0	1
"F4IMC7"	0	1	0	0	0	0	0	0	1
"F4IMI8"	0	1	0	0	0	0	0	0	1
"F4IMY0"	0	1	0	0	0	0	0	0	1
"F4IN86"	0	1	0	0	0	0	0	0	1
"F4INZ9"	0	1	0	0	0	1	0	0	1
"F4IPY2"	0	1	0	0	0	0	0	0	1
"F4IQH8"	0	1	0	0	0	0	0	0	1
"F4IRA7"	0	1	0	0	0	0	0	0	1
"F4IRF5"	0	1	0	0	0	0	0	0	1
"F4IS32"	0	1	0	0	0	0	0	0	1
"F4ITI0"	0	1	0	0	0	0	0	0	1
"F4IU14"	0	1	0	0	0	0	0	0	1
"F4IUM0"	0	1	0	0	0	0	0	0	1
"F4IV16"	0	1	0	0	0	0	0	0	1
"F4IW10"	0	1	0	0	0	0	0	0	1
"F4IW19"	0	1	0	0	0	0	0	0	1
"F4IWD3"	0	1	0	0	0	0	0	0	1
"F4IX26"	0	1	0	0	0	1	0	0	1
"A0A087WWA1"	0	0	1	0	0	0	0	0	1
"A0A087X0B3"	0	0	1	0	0	0	0	0	1
"A0A087X1C5"	0	0	1	0	0	0	0	0	1
"A0FGR8"	0	0	1	0	0	0	0	0	1
"A0FGR9"	0	0	1	0	0	0	0	0	1
"A1L0T0"	0	0	1	0	0	0	0	0	1
"A1L3X0"	0	0	1	0	0	0	0	0	1
"A4FU01"	0	0	1	0	0	0	0	0	1
"A4QPH2"	0	0	1	0	0	0	0	0	1
"A5D6W6"	0	0	1	0	0	0	0	0	1
"A5PLL7"	0	0	1	0	0	0	0	0	1
"A6NDG6"	0	0	1	0	0	0	0	0	1
"A6NFH5"	0	0	1	0	0	0	0	0	1
"A8MXV4"	0	0	1	0	0	0	0	0	1
"B0YJ81"	0	0	1	0	0	0	0	0	1
"O00116"	0	0	1	0	0	0	0	0	1
"O00154"	0	0	1	0	0	0	0	0	1
"O00329"	0	0	1	0	1	0	0	0	1
"O00443"	0	0	1	0	0	0	0	0	1
"O00459"	0	0	1	0	1	0	0	0	1
"O00468"	0	0	1	0	0	0	0	0	1
"O00519"	0	0	1	0	0	0	0	0	1
"O00562"	0	0	1	0	0	0	0	0	1
"O00628"	0	0	1	0	0	0	0	0	1
"O00748"	0	0	1	0	0	0	0	0	1
"O00750"	0	0	1	0	0	0	0	0	1
"O00767"	0	0	1	0	0	0	0	0	1
"O14494"	0	0	1	0	0	0	0	0	1
"O14495"	0	0	1	0	0	0	0	0	1
"O14508"	0	0	1	0	0	0	0	0	1
"O14512"	0	0	1	0	0	0	0	0	1
"O14543"	0	0	1	0	1	0	0	0	1
"O14544"	0	0	1	0	0	0	0	0	1
"O14561"	0	0	1	0	0	0	0	0	1
"O14678"	0	0	1	0	0	0	0	0	1
"O14684"	0	0	1	0	0	0	0	0	1
"O14734"	0	0	1	0	0	0	0	0	1
"O14735"	0	0	1	0	0	0	0	0	1
"O14832"	0	0	1	0	0	0	0	0	1
"O14939"	0	0	1	0	1	0	0	0	1
"O14975"	0	0	1	0	0	0	0	0	1
"O14986"	0	0	1	0	0	0	0	0	1
"O15056"	0	0	1	0	0	0	0	0	1
"O15120"	0	0	1	0	0	0	0	0	1
"O15121"	0	0	1	0	0	0	0	0	1
"O15162"	0	0	1	0	1	0	0	0	1
"O15228"	0	0	1	0	0	0	0	0	1
"O15254"	0	0	1	0	0	0	0	0	1
"O15269"	0	0	1	0	0	0	0	0	1
"O15270"	0	0	1	0	0	0	0	0	1
"O15296"	0	0	1	0	0	0	0	0	1
"O15327"	0	0	1	0	0	0	0	0	1
"O15357"	0	0	1	0	0	0	0	0	1
"O15466"	0	0	1	0	0	0	0	0	1
"O15496"	0	0	1	0	1	0	0	0	1
"O15524"	0	0	1	0	1	0	0	0	1
"O15540"	0	0	1	0	0	0	0	0	1
"O43173"	0	0	1	0	0	0	0	0	1
"O43174"	0	0	1	0	0	0	0	0	1
"O43286"	0	0	1	0	0	0	0	0	1
"O43292"	0	0	1	0	0	0	0	0	1
"O43426"	0	0	1	0	0	0	0	0	1
"O43688"	0	0	1	0	0	0	0	0	1
"O43766"	0	0	1	0	0	0	0	0	1
"O43808"	0	0	1	0	0	0	0	0	1
"O43825"	0	0	1	0	0	0	0	0	1
"O60218"	0	0	1	0	0	0	0	0	1
"O60331"	0	0	1	0	0	0	0	0	1
"O60427"	0	0	1	0	0	0	0	0	1
"O60488"	0	0	1	0	0	0	0	0	1
"O60512"	0	0	1	0	0	0	0	0	1
"O60513"	0	0	1	0	0	0	0	0	1
"O60656"	0	0	1	0	0	0	0	0	1
"O60733"	0	0	1	0	1	0	0	0	1
"O60760"	0	0	1	0	0	0	0	0	1
"O60762"	0	0	1	0	0	0	0	0	1
"O60906"	0	0	1	0	0	0	0	0	1
"O75056"	0	0	1	0	0	0	0	0	1
"O75131"	0	0	1	0	0	0	0	0	1
"O75159"	0	0	1	0	1	0	0	0	1
"O75342"	0	0	1	0	0	0	0	0	1
"O75352"	0	0	1	0	0	0	0	0	1
"O75487"	0	0	1	0	0	0	0	0	1
"O75521"	0	0	1	0	0	0	0	0	1
"O75747"	0	0	1	0	0	0	0	0	1
"O75752"	0	0	1	0	0	0	0	0	1
"O75907"	0	0	1	0	0	0	0	0	1
"O75908"	0	0	1	0	0	0	0	0	1
"O75911"	0	0	1	0	0	0	0	0	1
"O75912"	0	0	1	0	0	0	0	0	1
"O94777"	0	0	1	0	0	0	0	0	1
"O94788"	0	0	1	0	0	0	0	0	1
"O94806"	0	0	1	0	0	0	0	0	1
"O94830"	0	0	1	0	0	0	0	0	1
"O94911"	0	0	1	0	0	0	0	0	1
"O95237"	0	0	1	0	0	0	0	0	1
"O95248"	0	0	1	0	0	0	0	0	1
"O95292"	0	0	1	0	0	0	0	0	1
"O95342"	0	0	1	0	0	0	0	0	1
"O95372"	0	0	1	0	0	0	0	0	1
"O95427"	0	0	1	0	0	0	0	0	1
"O95445"	0	0	1	0	0	0	0	0	1
"O95461"	0	0	1	0	0	0	0	0	1
"O95470"	0	0	1	0	0	0	0	0	1
"O95573"	0	0	1	0	0	0	0	0	1
"O95674"	0	0	1	0	0	0	0	0	1
"O95741"	0	0	1	0	0	0	0	0	1
"O95749"	0	0	1	0	0	0	0	0	1
"O95822"	0	0	1	0	0	0	0	0	1
"O95864"	0	0	1	0	0	0	0	0	1
"O95870"	0	0	1	0	0	0	0	0	1
"O96024"	0	0	1	0	0	0	0	0	1
"P00325"	0	0	1	0	0	0	0	0	1
"P00326"	0	0	1	0	0	0	0	0	1
"P00352"	0	0	1	0	0	0	0	0	1
"P02647"	0	0	1	0	0	0	0	0	1
"P02649"	0	0	1	0	0	0	0	0	1
"P02652"	0	0	1	0	0	0	0	0	1
"P02654"	0	0	1	0	0	0	0	0	1
"P02655"	0	0	1	0	0	0	0	0	1
"P02656"	0	0	1	0	0	0	0	0	1
"P02749"	0	0	1	0	0	0	0	0	1
"P02753"	0	0	1	0	0	0	0	0	1
"P02766"	0	0	1	0	0	0	0	0	1
"P03950"	0	0	1	0	0	0	0	0	1
"P03999"	0	0	1	0	0	0	0	0	1
"P04000"	0	0	1	0	0	0	0	0	1
"P04001"	0	0	1	0	0	0	0	0	1
"P04035"	0	0	1	0	0	0	0	0	1
"P04054"	0	0	1	0	0	0	0	0	1
"P04062"	0	0	1	0	0	0	0	0	1
"P04066"	0	0	1	0	0	0	0	0	1
"P04114"	0	0	1	0	0	0	0	0	1
"P04118"	0	0	1	0	0	0	0	0	1
"P04180"	0	0	1	0	0	0	0	0	1
"P04233"	0	0	1	0	0	0	0	0	1
"P04798"	0	0	1	0	0	0	0	0	1
"P05165"	0	0	1	0	0	0	0	0	1
"P05166"	0	0	1	0	0	0	0	0	1
"P05177"	0	0	1	0	0	0	0	0	1
"P05181"	0	0	1	0	0	0	0	0	1
"P05305"	0	0	1	0	0	0	0	0	1
"A0A1I9LME3"	0	0	0	1	0	0	0	0	1
"A0A1I9LN13"	0	0	0	1	0	0	0	0	1
"A0A1I9LPW5"	0	0	0	1	0	0	0	0	1
"A0A1P8AZS5"	0	0	0	1	0	0	0	0	1
"A0A1P8B460"	0	0	0	1	0	0	0	0	1
"A0A1P8B5A1"	0	0	0	1	0	0	0	0	1
"A0A1P8B5P2"	0	0	0	1	0	0	0	0	1
"A0A1P8B7F5"	0	0	0	1	0	0	0	0	1
"A0A1P8BGX5"	0	0	0	1	0	0	0	0	1
"A8MQG7"	0	0	0	1	0	0	0	0	1
"A8MQW3"	0	0	0	1	0	0	0	0	1
"B3DNN5"	0	0	0	1	0	0	0	0	1
"B9DHA6"	0	0	0	1	0	0	0	0	1
"F4HQX6"	0	0	0	1	0	0	0	0	1
"F4HRV8"	0	0	0	1	0	0	0	0	1
"F4HVM4"	0	0	0	1	0	0	0	0	1
"F4HVS0"	0	0	0	1	0	0	0	0	1
"F4HVZ1"	0	0	0	1	0	0	0	0	1
"F4HXZ1"	0	0	0	1	0	0	0	0	1
"F4HZW2"	0	0	0	1	0	0	0	0	1
"F4HZZ4"	0	0	0	1	0	0	0	0	1
"F4HZZ5"	0	0	0	1	0	0	0	0	1
"F4I2Y3"	0	0	0	1	0	0	0	0	1
"F4I5B8"	0	0	0	1	0	0	0	0	1
"F4I615"	0	0	0	1	0	0	0	0	1
"F4I7D4"	0	0	0	1	0	0	0	0	1
"F4I9X6"	0	0	0	1	0	0	0	0	1
"F4IDY5"	0	0	0	1	0	0	0	0	1
"F4IIC2"	0	0	0	1	0	0	0	0	1
"F4IIK4"	0	0	0	1	0	0	0	0	1
"F4IRP0"	0	0	0	1	0	0	0	0	1
"F4ITM1"	0	0	0	1	0	0	0	0	1
"F4ITM2"	0	0	0	1	0	0	0	0	1
"F4ITP6"	0	0	0	1	0	0	0	0	1
"F4IWU7"	0	0	0	1	0	0	0	0	1
"F4IXN6"	0	0	0	1	0	0	0	0	1
"F4IZ09"	0	0	0	1	0	0	0	0	1
"F4IZL5"	0	0	0	1	0	0	0	0	1
"F4J048"	0	0	0	1	0	0	0	0	1
"F4J3D6"	0	0	0	1	0	0	0	0	1
"F4J3D9"	0	0	0	1	0	0	0	0	1
"F4J5L3"	0	0	0	1	0	0	0	0	1
"F4JC97"	0	0	0	1	0	0	0	0	1
"F4JG03"	0	0	0	1	0	0	0	0	1
"F4JGS0"	0	0	0	1	0	0	0	0	1
"F4JI85"	0	0	0	1	0	0	0	0	1
"F4JJE5"	0	0	0	1	0	0	0	0	1
"F4JKF3"	0	0	0	1	0	0	0	0	1
"F4JKK0"	0	1	0	1	0	0	0	0	1
"F4JNL3"	0	0	0	1	0	0	0	0	1
"F4JV39"	0	0	0	1	0	0	0	0	1
"F4JWE4"	0	0	0	1	0	0	0	0	1
"F4JWQ4"	0	0	0	1	0	0	0	0	1
"F4JY59"	0	0	0	1	0	0	0	0	1
"F4K250"	0	0	0	1	0	0	0	0	1
"F4K5R6"	0	0	0	1	0	0	0	0	1
"F4K784"	0	0	0	1	0	0	0	0	1
"F4K9Q6"	0	0	0	1	0	0	0	0	1
"F4KAG5"	0	0	0	1	0	0	0	0	1
"F4KAN2"	0	0	0	1	0	0	0	0	1
"F4KCC2"	0	0	0	1	0	1	0	0	1
"F4KCN6"	0	0	0	1	0	0	0	0	1
"F4KI28"	0	0	0	1	0	0	0	0	1
"F4KI29"	0	0	0	1	0	0	0	0	1
"O04019"	0	0	0	1	0	0	0	0	1
"O04197"	0	0	0	1	0	0	0	0	1
"O22197"	0	0	0	1	0	0	0	0	1
"O22207"	0	0	0	1	0	0	0	0	1
"O22925"	0	0	0	1	0	0	0	0	1
"O22941"	0	0	0	1	0	0	0	0	1
"O22961"	0	0	0	1	0	0	0	0	1
"O23239"	0	0	0	1	0	0	0	0	1
"O23708"	0	0	0	1	0	0	0	0	1
"O23710"	0	0	0	1	0	0	0	0	1
"O23712"	0	0	0	1	0	0	0	0	1
"O23714"	0	0	0	1	0	0	0	0	1
"O23715"	0	0	0	1	0	0	0	0	1
"O23717"	0	0	0	1	0	0	0	0	1
"O24412"	0	0	0	1	0	0	0	0	1
"O24616"	0	0	0	1	0	0	0	0	1
"O24633"	0	0	0	1	0	0	0	0	1
"O48726"	0	0	0	1	0	0	0	0	1
"O48838"	0	0	0	1	0	0	0	0	1
"O48844"	0	0	0	1	0	0	0	0	1
"O49286"	0	0	0	1	0	0	0	0	1
"O49484"	0	0	0	1	0	0	0	0	1
"O49500"	0	0	0	1	0	0	0	0	1
"O49663"	0	0	0	1	0	0	0	0	1
"O64425"	0	0	0	1	0	0	0	0	1
"O64758"	0	0	0	1	0	0	0	0	1
"O64824"	0	0	0	1	0	0	0	0	1
"O64867"	0	0	0	1	0	0	0	0	1
"O64876"	0	0	0	1	0	0	0	0	1
"O65381"	0	0	0	1	0	0	0	0	1
"O65418"	0	0	0	1	0	0	0	0	1
"O65421"	0	0	0	1	0	0	0	0	1
"O65493"	0	0	0	1	0	0	0	0	1
"O65674"	0	0	0	1	0	0	0	0	1
"O80860"	0	0	0	1	0	0	1	0	1
"O80910"	0	0	0	1	0	0	0	0	1
"O80977"	0	0	0	1	0	0	0	0	1
"O81055"	0	0	0	1	0	0	0	0	1
"O81057"	0	0	0	1	0	0	0	0	1
"O81058"	0	0	0	1	0	0	0	0	1
"O81146"	0	0	0	1	0	0	0	0	1
"O81147"	0	0	0	1	0	0	0	0	1
"O81148"	0	0	0	1	0	0	0	0	1
"O81149"	0	0	0	1	0	0	0	0	1
"O81153"	0	0	0	1	0	0	0	0	1
"O81849"	0	0	0	1	0	0	0	0	1
"O82264"	0	0	0	1	0	0	0	0	1
"P0C8K8"	0	0	0	1	0	0	0	0	1
"P0CH32"	0	0	0	1	0	0	0	0	1
"P0CH33"	0	0	0	1	0	0	0	0	1
"P25865"	0	0	0	1	0	0	0	0	1
"P30186"	0	0	0	1	0	0	0	0	1
"P34066"	0	0	0	1	0	0	0	0	1
"P35131"	0	0	0	1	0	0	0	0	1
"P35132"	0	0	0	1	0	0	0	0	1
"P35133"	0	0	0	1	0	0	0	0	1
"P35134"	0	0	0	1	0	0	0	0	1
"P42742"	0	0	0	1	0	0	0	0	1
"P42743"	0	0	0	1	0	0	0	0	1
"P42745"	0	0	0	1	0	0	0	0	1
"P42746"	0	0	0	1	0	0	0	0	1
"P42747"	0	0	0	1	0	0	0	0	1
"P42748"	0	0	0	1	0	0	0	0	1
"P42749"	0	0	0	1	0	0	0	0	1
"P42750"	0	0	0	1	0	0	0	0	1
"P43295"	0	0	0	1	0	0	0	0	1
"P43296"	0	0	0	1	0	0	0	0	1
"P43297"	0	0	0	1	0	0	0	0	1
"P49047"	0	0	0	1	0	0	0	0	1
"P54609"	0	0	0	1	0	0	0	0	1
"P55034"	0	0	0	1	0	1	0	0	1
"P56772"	0	0	0	1	0	0	0	0	1
"P57681"	0	0	0	1	0	1	0	0	1
"P59232"	0	0	0	1	0	0	0	0	1
"P59233"	0	0	0	1	0	0	0	0	1
"P59271"	0	0	0	1	0	0	0	0	1
"P92974"	0	0	0	1	0	0	0	0	1
"P93026"	0	0	0	1	0	0	0	0	1
"P93028"	0	0	0	1	0	0	0	0	1
"P93030"	0	0	0	1	0	0	0	0	1
"A0A075B6P5"	0	0	0	0	1	0	0	0	0
"A0A075B6Q5"	0	0	0	0	1	0	0	0	0
"A0A075B6R2"	0	0	0	0	1	0	0	0	0
"A0A075B6S6"	0	0	0	0	1	0	0	0	0
"A0A075B7B6"	0	0	0	0	1	0	0	0	0
"A0A075B7B8"	0	0	0	0	1	0	0	0	0
"A0A075B7D0"	0	0	0	0	1	0	0	0	0
"A0A075B7D8"	0	0	0	0	1	0	0	0	0
"A0A075B7E8"	0	0	0	0	1	0	0	0	0
"A0A075B7F0"	0	0	0	0	1	0	0	0	0
"A0A075B7F1"	0	0	0	0	1	0	0	0	0
"A0A087WSY4"	0	0	0	0	1	0	0	0	0
"A0A087WT57"	0	0	0	0	1	0	0	0	0
"A0A087WW49"	0	0	0	0	1	0	0	0	0
"A0A087WYE8"	0	0	0	0	1	0	0	0	0
"A0A087X1L8"	0	0	0	0	1	0	0	0	0
"A0A0A0MS14"	0	0	0	0	1	0	0	0	0
"A0A0A0MS15"	0	0	0	0	1	0	0	0	0
"A0A0A6YYK7"	0	0	0	0	1	0	0	0	0
"A0A0B4J1U7"	0	0	0	0	1	0	0	0	0
"A0A0B4J1V0"	0	0	0	0	1	0	0	0	0
"A0A0B4J1V1"	0	0	0	0	1	0	0	0	0
"A0A0B4J1V2"	0	0	0	0	1	0	0	0	0
"A0A0B4J1V6"	0	0	0	0	1	0	0	0	0
"A0A0B4J1V7"	0	0	0	0	1	0	0	0	0
"A0A0B4J1X5"	0	0	0	0	1	0	0	0	0
"A0A0B4J1X8"	0	0	0	0	1	0	0	0	0
"A0A0B4J1Y9"	0	0	0	0	1	0	0	0	0
"A0A0B4J2B6"	0	0	0	0	1	0	0	0	0
"A0A0B4J2B8"	0	0	0	0	1	0	0	0	0
"A0A0B4J2H0"	0	0	0	0	1	0	0	0	0
"A0A0C4DH25"	0	0	0	0	1	0	0	0	0
"A0A0C4DH29"	0	0	0	0	1	0	0	0	0
"A0A0C4DH30"	0	0	0	0	1	0	0	0	0
"A0A0C4DH31"	0	0	0	0	1	0	0	0	0
"A0A0C4DH32"	0	0	0	0	1	0	0	0	0
"A0A0C4DH33"	0	0	0	0	1	0	0	0	0
"A0A0C4DH34"	0	0	0	0	1	0	0	0	0
"A0A0C4DH35"	0	0	0	0	1	0	0	0	0
"A0A0C4DH36"	0	0	0	0	1	0	0	0	0
"A0A0C4DH38"	0	0	0	0	1	0	0	0	0
"A0A0C4DH39"	0	0	0	0	1	0	0	0	0
"A0A0C4DH41"	0	0	0	0	1	0	0	0	0
"A0A0C4DH42"	0	0	0	0	1	0	0	0	0
"A0A0C4DH43"	0	0	0	0	1	0	0	0	0
"A0A0C4DH73"	0	0	0	0	1	0	0	0	0
"A0A0G2JMI3"	0	0	0	0	1	0	0	0	0
"A0A0G2JPB7"	0	0	0	0	1	0	0	0	0
"A0A0J9YVY3"	0	0	0	0	1	0	0	0	0
"A0A0J9YW62"	0	0	0	0	1	0	0	0	0
"A0A0J9YWU9"	0	0	0	0	1	0	0	0	0
"A0A0J9YX35"	0	0	0	0	1	0	0	0	0
"A0A0J9YXX1"	0	0	0	0	1	0	0	0	0
"A0A0J9YY99"	0	0	0	0	1	0	0	0	0
"A0A0J9YYD9"	0	0	0	0	1	0	0	0	0
"A0A5B9"	0	0	0	0	1	0	0	0	0
"A0M8Q6"	0	0	0	0	1	0	0	0	0
"A1A4Y4"	0	0	0	0	1	0	0	0	0
"A2KUC3"	0	0	0	0	1	0	0	0	0
"A2NJV5"	0	0	0	0	1	0	0	0	0
"A2NXD2"	0	0	0	0	1	0	0	0	0
"A2RU30"	0	0	0	0	1	0	0	0	0
"A2VDJ0"	0	0	0	0	1	0	0	0	0
"A5LHX3"	0	0	0	0	1	0	0	0	0
"A6NC98"	0	0	0	0	1	0	0	0	0
"A6NGB9"	0	0	0	0	1	0	0	0	0
"A6NGU5"	0	0	0	0	1	0	0	0	0
"A6NK06"	0	0	0	0	1	0	0	0	0
"A6NMB1"	0	0	0	0	1	0	0	0	0
"A8K4G0"	0	0	0	0	1	0	0	0	0
"A8MTL9"	0	0	0	0	1	0	0	0	0
"A8MVZ5"	0	0	0	0	1	0	0	0	0
"B0I1T2"	0	0	0	0	1	0	0	0	0
"B6A8C7"	0	0	0	0	1	0	0	0	0
"B7Z8K6"	0	0	0	0	1	0	0	0	0
"B9A064"	0	0	0	0	1	0	0	0	0
"O00155"	0	0	0	0	1	0	0	0	0
"O00159"	0	0	0	0	1	0	0	0	0
"O00165"	0	0	0	0	1	0	0	0	0
"O00182"	0	0	0	0	1	0	0	0	0
"O00187"	0	0	0	0	1	0	0	0	0
"O00206"	0	0	0	0	1	0	0	0	0
"O00231"	0	0	0	0	1	0	0	0	0
"O00232"	0	0	0	0	1	0	0	0	0
"O00233"	0	0	0	0	1	0	0	0	0
"O00241"	0	0	0	0	1	0	0	0	0
"O00401"	0	0	0	0	1	0	0	0	0
"O00429"	0	0	0	0	1	0	0	0	0
"O00453"	0	0	0	0	1	0	0	0	0
"O00470"	0	0	0	0	1	0	0	0	0
"O00478"	0	0	0	0	1	0	0	0	0
"O00481"	0	0	0	0	1	0	0	0	0
"O00487"	0	0	0	0	1	0	0	0	0
"O00585"	0	0	0	0	1	0	0	0	0
"O00602"	0	0	0	0	1	0	0	0	0
"O14492"	0	0	0	0	1	0	0	0	0
"O14545"	0	0	0	0	1	0	0	0	0
"O14638"	0	0	0	0	1	0	0	0	0
"O14672"	0	0	0	0	1	0	0	0	0
"O14730"	0	0	0	0	1	0	0	0	0
"O14733"	0	0	0	0	1	0	0	0	0
"O14770"	0	0	0	0	1	0	0	0	0
"O14788"	0	0	0	0	1	0	0	0	0
"O14793"	0	0	0	0	1	0	0	0	0
"O14796"	0	0	0	0	1	0	0	0	0
"O14818"	0	0	0	0	1	0	0	0	0
"O14836"	0	0	0	0	1	0	0	0	0
"O14843"	0	0	0	0	1	0	0	0	0
"O14862"	0	0	0	0	1	0	0	0	0
"O14920"	0	0	0	0	1	0	0	0	0
"O14931"	0	0	0	0	1	0	0	0	0
"O14944"	0	0	0	0	1	0	0	0	0
"O14966"	0	0	0	0	1	0	0	0	0
"O15105"	0	0	0	0	1	0	0	0	0
"O15111"	0	0	0	0	1	0	0	0	0
"O15117"	0	0	0	0	1	0	0	0	0
"O15143"	0	0	0	0	1	0	0	0	0
"O15144"	0	0	0	0	1	0	0	0	0
"O15145"	0	0	0	0	1	0	0	0	0
"O15156"	0	0	0	0	1	0	0	0	0
"O15181"	0	0	0	0	1	0	0	0	0
"O15318"	0	0	0	0	1	0	0	0	0
"O15360"	0	0	0	0	1	0	0	0	0
"O15370"	0	0	0	0	1	0	0	0	0
"O15400"	0	0	0	0	1	0	0	0	0
"O15444"	0	0	0	0	1	0	0	0	0
"O15455"	0	0	0	0	1	0	0	0	0
"O15511"	0	0	0	0	1	0	0	0	0
"O15520"	0	0	0	0	1	0	0	0	0
"O15530"	0	0	0	0	1	0	0	0	0
"O15552"	0	0	0	0	1	0	0	0	0
"O15554"	0	0	0	0	1	0	0	0	0
"O43164"	0	0	0	0	1	0	0	0	0
"O43194"	0	0	0	0	1	0	0	0	0
"O43242"	0	0	0	0	1	0	0	0	0
"O43290"	0	0	0	0	1	0	0	0	0
"A0A0A7EPL0"	0	0	0	0	0	1	0	0	0
"A0MES8"	0	0	0	0	0	1	0	0	0
"A0SVK0"	0	0	0	0	0	1	0	0	0
"B3H7F6"	0	0	0	0	0	1	0	0	0
"B3H7M2"	0	0	0	0	0	1	0	0	0
"B9DGI8"	0	0	0	0	0	1	0	0	0
"B9DHT4"	0	0	0	0	0	1	0	0	0
"C0LGQ9"	0	0	0	0	0	1	0	0	0
"F4HRC9"	0	0	0	0	0	1	0	0	0
"F4HTH8"	0	0	0	0	0	1	0	0	0
"F4HZB2"	0	0	0	0	0	1	0	0	0
"F4I1S7"	0	0	0	0	0	1	0	0	0
"F4I1V3"	0	0	0	0	0	1	0	0	0
"F4I3C9"	0	0	0	0	0	1	0	0	0
"F4I7B6"	0	0	0	0	0	1	0	0	0
"F4IB81"	0	0	0	0	0	1	0	0	0
"F4IIS6"	0	0	0	0	0	1	0	0	0
"F4IQ66"	0	0	0	0	0	1	0	0	0
"F4IQ85"	0	0	0	0	0	1	0	0	0
"F4IRB4"	0	0	0	0	0	1	0	0	0
"F4ISU2"	0	0	0	0	0	1	0	0	0
"F4IVM7"	0	0	0	0	0	1	0	0	0
"F4J0N1"	0	0	0	0	0	1	0	0	0
"F4J0W4"	0	0	0	0	0	1	0	0	0
"F4J9A0"	0	0	0	0	0	1	0	0	0
"F4JB53"	0	0	0	0	0	1	0	0	0
"F4JCB2"	0	0	0	0	0	1	0	0	0
"F4JGW8"	0	0	0	0	0	1	0	0	0
"F4JIU9"	0	0	0	0	0	1	0	0	0
"F4JJP9"	0	0	0	0	0	1	0	0	0
"F4JKH6"	0	0	0	0	0	1	0	0	0
"F4JNK0"	0	0	0	0	0	1	0	0	0
"F4JNX3"	0	0	0	0	0	1	0	0	0
"F4JPT7"	0	0	0	0	0	1	0	0	0
"F4JTP5"	0	0	0	0	0	1	0	0	0
"F4JVI3"	0	1	0	0	0	1	0	0	0
"F4JYG0"	0	0	0	0	0	1	0	0	0
"F4JZY1"	0	0	0	0	0	1	0	0	0
"F4K6Q7"	0	0	0	0	0	1	0	0	0
"F4K9K2"	0	0	0	0	0	1	0	0	0
"F4KAQ8"	0	0	0	0	0	1	0	0	0
"O03042"	0	0	0	0	0	1	0	0	0
"O04036"	0	0	0	0	0	1	0	0	0
"O04492"	0	0	0	0	0	1	0	0	0
"O04499"	0	0	0	0	0	1	0	0	0
"O04515"	0	0	0	0	0	1	0	0	0
"O04714"	0	1	0	0	0	1	0	0	0
"O04719"	0	0	0	0	0	1	0	0	0
"O22151"	0	0	0	0	0	1	0	0	0
"O22788"	0	1	0	0	0	1	0	0	0
"O22809"	0	0	0	0	0	1	0	0	0
"O22850"	0	0	0	0	0	1	0	0	0
"O22882"	0	0	0	0	0	1	0	0	0
"O22893"	0	0	0	0	0	1	0	0	0
"O23141"	0	1	0	0	0	1	0	0	0
"O23181"	0	0	0	0	0	1	0	0	0
"O23523"	0	0	0	0	0	1	0	0	0
"O23569"	0	0	0	0	0	1	0	0	0
"O24456"	0	1	0	0	0	1	0	0	0
"O24646"	0	0	0	0	0	1	0	0	0
"O48538"	0	1	0	0	0	1	0	0	0
"O48686"	0	0	0	0	0	1	0	0	0
"O48832"	0	0	0	0	0	1	0	0	0
"O48848"	0	0	0	0	0	1	0	0	0
"O49377"	0	0	0	0	0	1	0	0	0
"O49686"	0	0	0	0	0	1	0	0	0
"O64644"	0	0	0	0	0	1	0	0	0
"O64816"	0	0	0	0	0	1	0	0	0
"O64851"	0	0	0	0	0	1	0	0	0
"O64868"	0	0	0	0	0	1	0	0	0
"O65570"	0	0	0	0	0	1	0	0	0
"O80340"	0	0	0	0	0	1	0	0	0
"O80396"	0	0	0	0	0	1	0	0	0
"O80452"	0	1	0	0	0	1	0	0	0
"O80642"	0	0	0	0	0	1	0	0	0
"O80653"	0	0	0	0	0	1	0	0	0
"O80720"	0	0	0	0	0	1	0	0	0
"O80871"	0	0	0	0	0	1	0	0	0
"O80888"	0	0	0	0	0	1	0	0	0
"O80920"	0	0	0	0	0	1	0	0	0
"O80986"	0	0	0	0	0	1	0	0	0
"O80992"	0	0	0	0	0	1	0	0	0
"O81270"	0	1	0	0	0	1	0	0	0
"O81439"	0	0	0	0	0	1	0	0	0
"O81445"	0	0	0	0	0	1	0	0	0
"O81716"	0	0	0	0	0	1	0	0	0
"O81862"	0	0	0	0	0	1	0	0	0
"O82245"	0	0	0	0	0	1	0	0	0
"O82659"	0	0	0	0	0	1	0	0	0
"O82804"	0	0	0	0	0	1	0	0	0
"P06525"	0	0	0	0	0	1	0	0	0
"P0C5E2"	0	0	0	0	0	1	0	0	0
"P0DO11"	0	0	0	0	0	1	0	0	0
"P0DO12"	0	0	0	0	0	1	0	0	0
"P15455"	0	0	0	0	0	1	0	0	0
"P15456"	0	0	0	0	0	1	0	0	0
"P18064"	0	1	0	0	0	1	0	0	0
"P18612"	0	0	0	0	0	1	0	0	0
"P20649"	0	0	0	0	0	1	0	0	0
"P25070"	0	0	0	0	0	1	0	0	0
"P25696"	0	0	0	0	0	1	0	0	0
"P25863"	0	0	0	0	0	1	0	0	0
"P30185"	0	0	0	0	0	1	0	0	0
"P31168"	0	0	0	0	0	1	0	0	0
"P31169"	0	0	0	0	0	1	0	0	0
"P37702"	0	0	0	0	0	1	0	0	0
"P42758"	0	0	0	0	0	1	0	0	0
"P42759"	0	0	0	0	0	1	0	0	0
"P42763"	0	0	0	0	0	1	0	0	0
"P42776"	0	0	0	0	0	1	0	0	0
"P43286"	0	0	0	0	0	1	0	0	0
"P43287"	0	0	0	0	0	1	0	0	0
"P46604"	0	0	0	0	0	1	0	0	0
"P46667"	0	0	0	0	0	1	0	0	0
"P46668"	0	0	0	0	0	1	0	0	0
"P46689"	0	0	0	0	0	1	0	0	0
"P46897"	0	0	0	0	0	1	0	0	0
"P48347"	0	0	0	0	0	1	0	0	0
"P49333"	0	1	0	0	0	1	0	1	0
"P49597"	0	0	0	0	0	1	0	0	0
"P49598"	0	0	0	0	0	1	0	0	0
"P54144"	0	0	0	0	0	1	0	0	0
"P58766"	0	0	0	0	0	1	0	0	0
"P92937"	0	0	0	0	0	1	0	0	0
"P93004"	0	0	0	0	0	1	0	0	0
"P93006"	0	0	0	0	0	1	0	0	0
"P93758"	0	0	0	0	0	1	0	0	0
"P93831"	0	0	0	0	0	1	0	0	0
"Q01593"	0	0	0	0	0	1	0	0	0
"Q02973"	0	0	0	0	0	1	0	0	0
"Q03251"	0	0	0	0	0	1	0	0	0
"Q04980"	0	0	0	0	0	1	0	0	0
"Q06327"	0	0	0	0	0	1	0	0	0
"Q06738"	0	0	0	0	0	1	0	0	0
"Q07187"	0	0	0	0	0	1	0	0	0
"Q0WQG8"	0	0	0	0	0	1	0	0	0
"Q0WW17"	0	1	0	0	0	1	0	1	0
"Q0WW43"	0	0	0	0	0	1	0	0	0
"Q17TI5"	0	0	0	0	0	1	0	0	0
"A0MFS5"	0	0	0	0	0	0	1	0	0
"B3H5S2"	0	0	0	0	0	0	1	0	0
"B9DHG0"	0	0	0	0	0	0	1	0	0
"F4I890"	0	0	0	0	0	0	1	0	0
"F4I896"	0	0	0	0	0	0	1	0	0
"F4IAG5"	0	0	0	0	0	0	1	0	0
"F4J1L5"	0	0	0	0	0	0	1	0	0
"F4JGR5"	0	0	0	0	0	0	1	0	0
"F4JHA2"	0	0	0	0	0	0	1	0	0
"F4JQE2"	0	0	0	0	0	0	1	0	0
"F4K8I1"	0	0	0	0	0	0	1	0	0
"O22609"	0	0	0	0	0	0	1	0	0
"O22682"	0	1	0	0	0	0	1	0	0
"O22773"	0	0	0	0	0	0	1	0	0
"O23403"	0	0	0	0	0	0	1	0	0
"O49668"	0	0	0	0	0	0	1	0	0
"O64750"	0	0	0	0	0	0	1	0	0
"O65502"	0	0	0	0	0	0	1	0	0
"O81208"	0	0	0	0	0	0	1	0	0
"O82261"	0	0	0	0	0	0	1	0	0
"P04778"	0	0	0	0	0	0	1	0	0
"P0CJ48"	0	0	0	0	0	0	1	0	0
"P10795"	0	0	0	0	0	0	1	0	0
"P14713"	0	0	0	0	0	0	1	0	0
"P16972"	0	0	0	0	0	0	1	0	0
"P23321"	0	0	0	0	0	0	1	0	0
"P25851"	0	1	0	0	0	0	1	0	0
"P25856"	0	0	0	0	0	0	1	0	0
"P25857"	0	0	0	0	0	0	1	0	0
"P27140"	0	0	0	0	0	0	1	0	0
"P27202"	0	0	0	0	0	0	1	0	0
"P27521"	0	0	0	0	0	0	1	0	0
"P46283"	0	1	0	0	0	0	1	0	0
"P49599"	0	0	0	0	0	0	1	0	0
"P56751"	0	0	0	0	0	0	1	0	0
"P56755"	0	0	0	0	0	0	1	0	0
"P56766"	0	0	0	0	0	0	1	0	0
"P56771"	0	0	0	0	0	0	1	0	0
"P56777"	0	0	0	0	0	0	1	0	0
"P56788"	0	0	0	0	0	0	1	0	0
"P61843"	0	0	0	0	0	0	1	0	0
"P62090"	0	0	0	0	0	0	1	0	0
"Q01667"	0	0	0	0	0	0	1	0	0
"Q01908"	0	1	0	0	0	0	1	0	0
"Q07473"	0	0	0	0	0	0	1	0	0
"Q0WRJ7"	0	0	0	0	0	0	1	0	0
"Q0WUA3"	0	1	0	0	0	0	1	0	0
"Q2V4B2"	0	0	0	0	0	0	1	0	0
"Q37165"	0	0	0	0	0	0	1	0	0
"Q39101"	0	0	0	0	0	0	1	0	0
"Q39102"	0	0	0	1	0	0	1	0	0
"Q39141"	0	0	0	0	0	0	1	0	0
"Q39142"	0	0	0	0	0	0	1	0	0
"Q3KTM0"	0	0	0	0	0	0	1	0	0
"Q41932"	0	0	0	0	0	0	1	0	0
"Q42029"	0	0	0	0	0	0	1	0	0
"Q84RQ7"	0	0	0	0	0	0	1	0	0
"Q8GSJ6"	0	0	0	0	0	0	1	0	0
"Q8GYC7"	0	0	0	0	0	0	1	0	0
"Q8GYN2"	0	0	0	0	0	0	1	0	0
"Q8H112"	0	0	0	0	0	0	1	0	0
"Q8L540"	0	0	0	0	0	0	1	0	0
"Q8L923"	0	0	0	0	0	0	1	0	0
"Q8LCA1"	0	0	0	0	0	1	1	0	0
"Q8LCQ4"	0	0	0	0	0	0	1	0	0
"Q8RWG1"	0	0	0	0	0	0	1	0	0
"Q8RXS1"	0	0	0	0	0	0	1	0	0
"Q8VZ87"	0	0	0	0	0	0	1	0	0
"Q8W481"	0	0	0	0	0	0	1	0	0
"Q8W4D6"	0	0	0	0	0	0	1	0	0
"Q8W4M5"	0	0	0	0	0	0	1	0	0
"Q940Y6"	0	0	0	0	0	0	1	0	0
"Q949Q5"	0	0	0	0	0	0	1	0	0
"Q949Y5"	0	0	0	0	0	0	1	0	0
"Q94AQ8"	0	0	0	0	0	0	1	0	0
"Q94AX5"	0	0	0	0	0	0	1	0	0
"Q94B38"	0	0	0	0	0	0	1	0	0
"Q94BS2"	0	0	0	0	0	0	1	0	0
"Q95695"	0	0	0	0	0	0	1	0	0
"Q96289"	0	0	0	0	0	1	1	0	0
"Q9C503"	0	0	0	0	0	0	1	0	0
"Q9C639"	0	0	0	0	0	0	1	0	0
"Q9C9I7"	0	0	0	0	0	0	1	0	0
"Q9C9K1"	0	0	0	0	0	0	1	0	0
"Q9C9K3"	0	0	0	0	0	0	1	0	0
"Q9CAC5"	0	0	0	0	0	0	1	0	0
"Q9FEC1"	0	0	0	0	0	0	1	0	0
"Q9FH02"	0	0	0	1	0	0	1	0	0
"Q9FJ82"	0	0	0	0	0	0	1	0	0
"Q9FK23"	0	0	0	0	0	0	1	0	0
"Q9FKW6"	0	0	0	0	0	0	1	0	0
"Q9LD57"	0	0	0	0	0	0	1	0	0
"Q9LIM5"	0	0	0	0	0	0	1	0	0
"Q9LMQ2"	0	0	0	0	0	0	1	0	0
"Q9LR64"	0	0	0	0	0	0	1	0	0
"Q9LU01"	0	0	0	0	0	0	1	0	0
"Q9LU10"	0	0	0	0	0	0	1	0	0
"Q9LU21"	0	0	0	0	0	0	1	0	0
"Q9LU39"	0	0	0	0	0	0	1	0	0
"Q9LXR9"	0	0	0	0	0	0	1	0	0
"Q9LYN2"	0	0	0	0	0	0	1	0	0
"Q9LZP9"	0	0	0	0	0	0	1	0	0
"Q9M024"	0	0	0	0	0	0	1	0	0
"Q9M158"	0	0	0	0	0	0	1	0	0
"Q9M2D2"	0	0	0	0	0	0	1	0	0
"Q9M3C6"	0	0	0	0	0	0	1	0	0
"Q9MA79"	0	0	0	0	0	1	1	0	0
"Q9S726"	0	0	0	0	0	0	1	0	0
"Q9S756"	0	0	0	0	0	0	1	0	0
"Q9S7J7"	0	0	0	0	0	1	1	0	0
"Q9S7M0"	0	0	0	0	0	1	1	0	0
"Q9S7N7"	0	0	0	0	0	0	1	0	0
"Q9S7W1"	0	0	0	0	0	0	1	0	0
"Q9S841"	0	0	0	0	0	0	1	0	0
"Q9S9N6"	0	0	0	0	0	0	1	0	0
"Q9SEL7"	0	0	0	0	0	0	1	0	0
"Q9SF54"	0	0	0	0	0	0	1	0	0
"Q9SFB3"	0	0	0	0	0	0	1	0	0
"Q9SGH4"	0	0	0	0	0	0	1	0	0
"Q9SHR7"	0	0	0	0	0	1	1	0	0
"Q9SJ02"	0	0	0	0	0	0	1	0	0
"Q9SKT0"	0	0	0	0	0	0	1	0	0
"Q9SL05"	0	0	0	0	0	0	1	0	0
"Q9SLI4"	0	0	0	0	0	0	1	0	0
"Q9SNB7"	0	0	0	0	0	0	1	0	0
"Q9SRY4"	0	0	0	0	0	0	1	0	0
"Q9SSS9"	0	0	0	0	0	0	1	0	0
"Q9SY97"	0	0	0	0	0	0	1	0	0
"Q9SYH1"	0	0	0	0	0	0	1	0	0
"Q9SYP2"	0	0	0	0	0	0	1	0	0
"Q9SYW8"	0	0	0	0	0	0	1	0	0
"Q9SZC9"	0	0	0	0	0	0	1	0	0
"Q9T0A4"	0	0	0	0	0	0	1	0	0
"Q9XF87"	0	0	0	0	0	1	1	0	0
"Q9XF88"	0	0	0	0	0	0	1	0	0
"Q9XF89"	0	0	0	0	0	0	1	0	0
"Q9XFT3"	0	0	0	0	0	0	1	0	0
"Q9XI73"	0	0	0	0	0	0	1	0	0
"Q9XIL5"	0	0	0	0	0	0	1	0	0
"Q9ZNX9"	0	0	0	0	0	0	1	0	0
"Q9ZR03"	0	0	0	0	0	0	1	0	0
"Q9ZVE7"	0	0	0	0	0	0	1	0	0
"Q9ZVL6"	0	0	0	0	0	0	1	0	0
"Q9ZVZ9"	0	0	0	0	0	0	1	0	0
"A8MRC4"	0	0	0	0	0	0	0	1	0
"B9DFR3"	0	0	0	0	0	0	0	1	0
"B9DH97"	0	0	0	0	0	0	0	1	0
"F4HPC1"	0	0	0	0	0	0	0	1	0
"F4HR76"	0	0	0	0	0	0	0	1	0
"F4HUY1"	0	0	0	0	0	0	0	1	0
"F4I107"	0	0	0	0	0	0	0	1	0
"F4I6V0"	0	0	0	0	0	0	0	1	0
"F4I839"	0	0	0	0	0	0	0	1	0
"F4I9D5"	0	0	0	0	0	0	0	1	0
"F4IA77"	0	0	0	0	0	0	0	1	0
"F4IH21"	0	0	0	0	0	0	0	1	0
"F4IVV0"	0	0	0	0	0	0	0	1	0
"F4J9G0"	0	0	0	0	0	0	0	1	0
"F4JCI4"	0	0	0	0	0	0	0	1	0
"F4JIK9"	0	1	0	0	0	0	0	1	0
"F4JSU0"	0	0	0	0	0	0	0	1	0
"F4K6F1"	0	1	0	0	0	0	0	1	0
"F4K8F7"	0	1	0	0	0	0	0	1	0
"F4KE06"	0	0	0	0	0	0	0	1	0
"F4KGM7"	0	1	0	0	0	0	0	1	0
"O04500"	0	1	0	0	0	0	0	1	0
"O04523"	0	0	0	0	0	0	0	1	0
"O22244"	0	0	0	0	0	0	0	1	0
"O22666"	0	0	0	0	0	0	0	1	0
"O22775"	0	1	0	0	0	0	0	1	0
"O22807"	0	0	0	0	0	0	0	1	0
"O22943"	0	1	0	0	0	0	0	1	0
"O22960"	0	0	0	0	0	0	0	1	0
"O23147"	0	0	0	0	0	0	0	1	0
"O23386"	0	0	0	0	0	0	0	1	0
"O48676"	0	1	0	0	0	0	0	1	0
"O48847"	0	1	0	0	0	0	0	1	0
"O48946"	0	1	0	0	0	0	0	1	0
"O48947"	0	1	0	0	0	0	0	1	0
"O49323"	0	0	0	0	0	0	0	1	0
"O49607"	0	0	0	0	0	0	0	1	0
"O49730"	0	1	0	0	0	0	0	1	0
"O49782"	0	1	0	0	0	0	0	1	0
"O64614"	0	1	0	0	0	0	0	1	0
"O64883"	0	0	0	0	0	0	0	1	0
"O65431"	0	0	0	0	0	0	0	1	0
"O65782"	0	1	0	0	0	0	0	1	0
"O80434"	0	1	0	0	0	0	0	1	0
"O80501"	0	1	0	0	0	0	0	1	0
"O80731"	0	0	0	0	0	0	0	1	0
"O80803"	0	0	0	0	0	0	0	1	0
"O80891"	0	0	0	0	0	0	0	1	0
"O80898"	0	0	0	0	0	0	0	1	0
"O80899"	0	0	0	0	0	0	0	1	0
"O80919"	0	1	0	0	0	0	0	1	0
"O80940"	0	1	0	0	0	0	0	1	0
"O81053"	0	1	0	0	0	0	0	1	0
"O81346"	0	1	0	0	0	0	0	1	0
"O81417"	0	0	0	0	0	0	0	1	0
"O82481"	0	0	0	0	0	0	0	1	0
"P21216"	0	0	0	0	0	0	0	1	0
"P24806"	0	0	0	0	0	0	0	1	0
"P28185"	0	0	0	0	0	0	0	1	0
"P31414"	0	0	0	0	0	0	0	1	0
"P42697"	0	0	0	0	0	0	0	1	0
"P46309"	0	1	0	0	0	0	0	1	0
"P57751"	0	0	0	0	0	0	0	1	0
"P93042"	0	0	0	0	0	0	0	1	0
"P93046"	0	0	0	0	0	0	0	1	0
"Q0WNP7"	0	0	0	0	0	0	0	1	0
"Q0WNW0"	0	1	0	0	0	0	0	1	0
"Q0WPA5"	0	1	0	0	0	0	0	1	0
"Q0WPN7"	0	0	0	0	0	0	0	1	0
"Q0WPS0"	0	1	0	0	0	0	0	1	0
"Q0WT40"	0	0	0	0	0	0	0	1	0
"Q0WV12"	0	0	0	0	0	0	0	1	0
"Q0WV13"	0	1	0	0	0	0	0	1	0
"Q0WVN5"	0	0	0	0	0	0	0	1	0
"Q1PFD9"	0	1	0	0	0	0	0	1	0
"Q38857"	0	0	0	0	0	0	0	1	0
"Q38907"	0	0	0	0	0	0	0	1	0
"Q38958"	0	0	0	0	0	0	0	1	0
"Q39085"	0	0	0	0	0	0	0	1	0
"Q39088"	0	0	0	0	0	0	0	1	0
"Q39099"	0	0	0	0	0	0	0	1	0
"Q39258"	0	0	0	0	0	0	0	1	0
"Q42371"	0	0	0	0	0	0	0	1	0
"Q42510"	0	0	0	0	0	0	0	1	0
"Q42529"	0	1	0	0	0	0	0	1	0
"Q4V398"	0	0	0	0	0	0	0	1	0
"Q500V2"	0	0	0	0	0	0	0	1	0
"Q501D8"	0	0	0	0	0	0	0	1	0
"Q570S7"	0	0	0	0	0	0	0	1	0
"Q5PP23"	0	0	0	0	0	0	0	1	0
"Q5XEZ1"	0	0	0	0	0	0	0	1	0
"Q66GM8"	0	0	0	0	0	0	0	1	0
"Q66GQ5"	0	0	0	0	0	0	0	1	0
"Q67Z07"	0	0	0	0	0	0	0	1	0
"Q6DBP4"	0	0	0	0	0	0	0	1	0
"Q6DR41"	0	0	0	0	0	0	0	1	0
"Q6NKR6"	0	0	0	0	0	0	0	1	0
"Q6NKW9"	0	0	0	0	0	0	0	1	0
"Q6NMK1"	0	0	0	0	0	0	0	1	0
"Q6NMM8"	0	0	0	0	0	0	0	1	0
"Q6NNL9"	0	0	0	0	0	0	0	1	0
"Q6NQL4"	0	0	0	0	0	0	0	1	0
"Q6R0C4"	0	0	0	0	0	1	0	1	0
"Q7XJ98"	0	0	0	0	0	0	0	1	0
"Q7XZU3"	0	0	0	0	0	0	0	1	0
"Q7Y223"	0	0	0	0	0	0	0	1	0
"Q84JA6"	0	0	0	0	0	0	0	1	0
"Q84JS1"	0	0	0	0	0	0	0	1	0
"Q84TK1"	0	0	0	0	0	0	0	1	0
"Q84WP6"	0	0	0	0	0	0	0	1	0
"Q84WU6"	0	0	0	0	0	0	0	1	0
"Q8GS71"	0	0	0	0	0	0	0	1	0
"Q8GWT1"	0	0	0	0	0	0	0	1	0
"Q8GWW4"	0	0	0	0	0	0	0	1	0
"Q8GX46"	0	0	0	0	0	0	0	1	0
"Q8GXG6"	0	0	0	0	0	0	0	1	0
"Q8GY42"	0	0	0	0	0	0	0	1	0
"Q8GYX3"	0	0	0	0	0	0	0	1	0
"Q8GYY5"	0	0	0	0	0	0	0	1	0
"Q8L707"	0	0	0	0	0	0	0	1	0
"Q8L778"	0	0	0	0	0	0	0	1	0
"Q8L7C8"	0	0	0	0	0	0	0	1	0
"Q8L8Q7"	0	0	0	0	0	0	0	1	0
"Q8LBX7"	0	0	0	0	0	0	0	1	0
"Q8LC45"	0	0	0	0	0	0	0	1	0
"Q8LDW9"	0	0	0	0	0	0	0	1	0
"Q8LED3"	0	0	0	0	0	0	0	1	0
"Q8LEE9"	0	0	0	0	0	0	0	1	0
"Q8LEJ6"	0	0	0	0	0	0	0	1	0
"Q8LFH5"	0	0	0	0	0	0	0	1	0
"Q8LPG9"	0	0	0	0	0	0	0	1	0
"Q8LPK5"	0	0	0	0	0	0	0	1	0
"Q8RWE8"	0	0	0	0	0	0	0	1	0
"Q8RWQ4"	0	0	0	0	0	0	0	1	0
"Q8RX55"	0	0	0	0	0	0	0	1	0
"Q8RX83"	0	0	0	0	0	0	0	1	0
"Q8RXD8"	0	0	0	0	0	0	0	1	0
